temperature_low = ([  7.65,   5.4,   10.75, -12.64,  -0.84,   2.88 , -9.63,  -1.78, -14.84,  -3.18,
   3.47,  -0.98 , -1.67 , -0.37,   4.45  , 3.42  , 3.32 ,-25.95, -15.95,  -1.49,
  14.97 , 18.04 ,  4.47 , 19.59 , -6.17 ,  6.66, -10.52 ,  1.37 , -5.66 , -8.6,
 -15.26 , -0.99  ,-0.83 ,28.56 , -4.17 ,  6.59 , -4.93 , -6.14 , -8.32 ,  9.49,
 -11.84 , 16.15 ,-17.78 ,-14.45 , -6.09 ,-18.98 , -1.44 ,-12.43 , -8.26, -13.8 ])
temperature_high = ([ 24.33 , 25.02 , 36.59 ,  6.57 , 12.67 ,  5.2  ,  6.96  , 0.5   , 0.5 ,  12.67,
  23.49 , 22.54  , 7.56 , 20.62 , 33.88 , 14.03 , 40.19 ,  0.5  ,  0.5   , 2.83,
  71.18 , 25.64 , 31.68  ,45.83,  13.9 ,  18.24,   0.5  , 33.75 , 35.8 ,   0.5,
  13.07 , 17.59 , 21.87 , 58.64 , 18.08 , 26.06 , 28.25 , 13.01 , 26.16 , 29.77,
  16.92 , 47.29 ,  0.5  ,  0.5 ,  15.23 , 17.52 , 18.89 , 10.91 ,  2.05 ,  0.5 ])
width_low = ([ 0.22,  0.6  , 0.47,  0.51 , 0.42 , 0.31 , 0.61 , 0.47 , 0.26 , 0.17 , 0.15,  0.24,
  0.26 , 0.77 , 0.09 , 0.82,  0.1  , 0.4  , 0.4 ,  0.48 , 0.32 , 0.44,  0.38 , 0.57,
  0.64 , 0.24 , 0.39 , 0.41 , 0.22 , 0.46 , 0.47 , 0.38 , 0.56,  0.2 ,  0.43 , 0.04,
  0.18 , 0.24 , 0.32 , 0.29 , 0.36 , 0.68 , 0.23  ,0.3 ,  0.2 ,  0.64 , 0.22 , 0.25,
  0.5 ,  0.3 ])
width_high = ([ 0.89 , 1.45 , 1.72 , 1.21 , 1.02 , 0.74 , 1.34 , 1.55 , 1.67 , 0.77,  1.23 , 0.9,
  1.5  , 2.03 , 0.66 , 2.53 , 1.02 , 1.75  ,1.53 , 1.09 , 0.63 , 1.18  ,1.49  ,1.35,
  1.58 , 1.35 , 1.21,  1.21 , 1.13,  1.58 , 1.86,  1.13,  1.59 , 1.34,  1.58 , 0.79,
  1.53 , 1.9  , 0.77 , 1.33 , 1.37 , 2.22,  0.53 , 1.49  ,1.16 , 0.91 , 1.11 , 1.05,
  1.73 , 2.24])
extension_rate = ([ 0.52 , 0.34 , 0.71,  0.32 , 0.35 , 0.26 , 0.7 ,  0.41 , 0.61 , 0.57,  0.59 , 0.19,
  0.73 , 0.47 , 0.68 , 0.45 , 0.51 , 0.59 , 0.36 , 0.2  , 0.18 , 0.57 , 0.28 , 0.68,
  0.57 , 0.49 , 0.1  , 0.36 , 0.36 , 0.5  , 0.54 , 0.28 , 0.37 , 0.53 , 0.46 , 0.36,
  0.53 , 0.31  ,0.6 ,  0.55 , 0.42 , 0.33 , 0.54 , 0.48 , 0.5  , 0.47 , 0.28 , 0.67,
  0.51 , 0.77])
moisture_tolerance = ([ 12.41,  45.86,  30.77 , 60.84 , 59.43 , 62.63 , 28.16 , 31.57 , 38.6 ,  65.45,
  59.53 , 12.1 ,  65.19 , 49.37 , 25.04 , 46.27 , 47.4  , 44.09 , 45.42 , 36.07,
  35.98 , 46.82 , 43.69 , 15.98,  66.11 , 52.19 , 48.7 ,  45.42 , 67.07 , 63.71,
  16.3  , 26.32 , 44.16 ,66.98 , 62.37 , 64.78,  46.27 , 48.  ,  60.9  , 40.12,
  68.57 , 29.53 , 19.63 , 38.24 , 59.66 , 42.38 , 37.38 , 17.62 , 50.97 , 36.06])
decomposition_rate = ([ 0.1  , 0.08  ,0.14 , 0.17,  0.14 , 0.08,  0.13 , 0.14 , 0.1  , 0.25 , 0.13,  0.15,
  0.17 , 0.17  ,0.12,  0.06 , 0.15,  0.13,  0.23 , 0.2  , 0.15 , 0.14 , 0.16 , 0.16,
  0.12 , 0.21  ,0.17 , 0.23 , 0.09 , 0.12 , 0.14 , 0.21 , 0.19 , 0.09 , 0.08,  0.15,
  0.05 , 0.19 , 0.12 , 0.13  ,0.11 , 0.2  , 0.09 , 0.13 , 0.18 , 0.11  ,0.15 , 0.14,
  0.19 , 0.09])
number_now = ([8, 6, 10, 14, 11, 7, 12, 5, 13, 12, 11, 9, 14, 14, 5, 5, 9, 12, 6, 13, 9, 12, 6, 7, 5, 10, 10, 7, 11, 5, 5, 10, 12, 7, 5, 5, 7, 8, 5, 6, 8, 6, 10, 9, 14, 6, 5, 14, 12, 5])
competition_a = ([ 0.32 , 0.42 , 0.25 , 0.37 , 0.54 , 0.37 , 0.43 , 0.44 , 0.55 , 0.67 , 0.43 , 0.4,
  0.43 , 0.41 , 0.51 , 0.66 , 0.37 , 0.42 , 0.18 , 0.4 ,  0.3  , 0.52 , 0.58 , 0.47,
  0.52 , 0.42,  0.33 , 0.52,  0.64 , 0.32  ,0.49 , 0.5 ,  0.66 , 0.58 , 0.39 , 0.31,
  0.49 , 0.27 , 0.63,  0.29 , 0.53 , 0.6  , 0.41 , 0.61 , 0.72 , 0.31,  0.5 ,  0.36,
  0.11 , 0.56])
symbiosis_b = ([ 0.  , 0.2 , 0. ,  0.  , 0.  , 0.  , 0.  , 0.  , 0.  , 0.  , 0.1 , 0.   ,0. ,  0.  , 0.,
  0. ,  0. ,  0. ,  0.  , 0.  , 0.  , 0.  , 0.1 , 0. ,  0. ,  0. ,  0. ,  0. ,  0.  , 0.,
  0. ,  0.  , 0. ,  0.  , 0. ,  0.  , 0.   ,0. ,  0. ,  0.   ,0. ,  0.  , 0. ,  0. ,  0.,
  0. ,  0. ,  0.  , 0.,   0. ])
symbiosis_index = ([  0. , 22. ,  0. ,  0.  , 0.  , 0. ,  0.  , 0. ,  0. ,  0. ,  1.,   0. ,  0. ,  0.,   0.,
   0. ,  0. ,  0.  , 0.  , 0.  , 0. ,  0. ,  1. ,  0.  , 0.   ,0. ,  0.,   0.  , 0. ,  0.,
   0.  , 0.  , 0. ,  0. ,  0.  , 0. ,  0. ,  0.  , 0. ,  0. ,  0.  , 0.  , 0. ,  0.,   0.,
   0.  , 0. ,  0. ,  0.,   0.])
parasitic_c = ([ 0. , 0. , 0. , 0. , 0. , 0. , 0. , 0. , 0. , 0. , 0. , 0. , 0. , 0. , 0. , 0.,  0.,  0.,
  0. , 0. , 0. , 0. , 0. , 0. , 0. , 1. , 0. , 0. , 0. , 0. , 0. , 0. , 0. , 0. , 0. , 0. ,
  0. , 0. , 0. , 0. , 0. , 0. , 0. , 0. , 0. , 0. , 0. , 0. , 0. , 0.])
parasitic_index = ([  0. ,  0. ,  0. ,  0. ,  0. ,  0. ,  0. ,  0. ,  0. ,  0. ,  0. , 0. ,  0. ,  0. ,  0.,
   0. ,  0. ,  0. ,  0. ,  0. ,  0. ,  0. ,  0. ,  0. ,  0. , 28. ,  0. ,  0. ,  0. ,  0.,
   0. ,  0. ,  0. ,  0. ,  0. ,  0. ,  0. ,  0. ,  0. ,  0. ,  0. ,  0. ,  0. ,  0. ,  0.,
   0. ,  0. ,  0. ,  0. ,  0.])